H8_Convergence_Analysis_4x4x4_Mesh_Corrected
125      1      1       1
1        1       1       1       0.0     0.0     0.0
2        0       1       1       0.25    0.0     0.0
3        0       1       1       0.5     0.0     0.0
4        0       1       1       0.75    0.0     0.0
5        0       1       1       1.0     0.0     0.0
6        1       0       1       0.0     0.25    0.0
7        0       0       1       0.25    0.25    0.0
8        0       0       1       0.5     0.25    0.0
9        0       0       1       0.75    0.25    0.0
10       0       0       1       1.0     0.25    0.0
11       1       0       1       0.0     0.5     0.0
12       0       0       1       0.25    0.5     0.0
13       0       0       1       0.5     0.5     0.0
14       0       0       1       0.75    0.5     0.0
15       0       0       1       1.0     0.5     0.0
16       1       0       1       0.0     0.75    0.0
17       0       0       1       0.25    0.75    0.0
18       0       0       1       0.5     0.75    0.0
19       0       0       1       0.75    0.75    0.0
20       0       0       1       1.0     0.75    0.0
21       1       0       1       0.0     1.0     0.0
22       0       0       1       0.25    1.0     0.0
23       0       0       1       0.5     1.0     0.0
24       0       0       1       0.75    1.0     0.0
25       0       0       1       1.0     1.0     0.0
26       1       1       0       0.0     0.0     0.25
27       0       1       0       0.25    0.0     0.25
28       0       1       0       0.5     0.0     0.25
29       0       1       0       0.75    0.0     0.25
30       0       1       0       1.0     0.0     0.25
31       1       0       0       0.0     0.25    0.25
32       0       0       0       0.25    0.25    0.25
33       0       0       0       0.5     0.25    0.25
34       0       0       0       0.75    0.25    0.25
35       0       0       0       1.0     0.25    0.25
36       1       0       0       0.0     0.5     0.25
37       0       0       0       0.25    0.5     0.25
38       0       0       0       0.5     0.5     0.25
39       0       0       0       0.75    0.5     0.25
40       0       0       0       1.0     0.5     0.25
41       1       0       0       0.0     0.75    0.25
42       0       0       0       0.25    0.75    0.25
43       0       0       0       0.5     0.75    0.25
44       0       0       0       0.75    0.75    0.25
45       0       0       0       1.0     0.75    0.25
46       1       0       0       0.0     1.0     0.25
47       0       0       0       0.25    1.0     0.25
48       0       0       0       0.5     1.0     0.25
49       0       0       0       0.75    1.0     0.25
50       0       0       0       1.0     1.0     0.25
51       1       1       0       0.0     0.0     0.5
52       0       1       0       0.25    0.0     0.5
53       0       1       0       0.5     0.0     0.5
54       0       1       0       0.75    0.0     0.5
55       0       1       0       1.0     0.0     0.5
56       1       0       0       0.0     0.25    0.5
57       0       0       0       0.25    0.25    0.5
58       0       0       0       0.5     0.25    0.5
59       0       0       0       0.75    0.25    0.5
60       0       0       0       1.0     0.25    0.5
61       1       0       0       0.0     0.5     0.5
62       0       0       0       0.25    0.5     0.5
63       0       0       0       0.5     0.5     0.5
64       0       0       0       0.75    0.5     0.5
65       0       0       0       1.0     0.5     0.5
66       1       0       0       0.0     0.75    0.5
67       0       0       0       0.25    0.75    0.5
68       0       0       0       0.5     0.75    0.5
69       0       0       0       0.75    0.75    0.5
70       0       0       0       1.0     0.75    0.5
71       1       0       0       0.0     1.0     0.5
72       0       0       0       0.25    1.0     0.5
73       0       0       0       0.5     1.0     0.5
74       0       0       0       0.75    1.0     0.5
75       0       0       0       1.0     1.0     0.5
76       1       1       0       0.0     0.0     0.75
77       0       1       0       0.25    0.0     0.75
78       0       1       0       0.5     0.0     0.75
79       0       1       0       0.75    0.0     0.75
80       0       1       0       1.0     0.0     0.75
81       1       0       0       0.0     0.25    0.75
82       0       0       0       0.25    0.25    0.75
83       0       0       0       0.5     0.25    0.75
84       0       0       0       0.75    0.25    0.75
85       0       0       0       1.0     0.25    0.75
86       1       0       0       0.0     0.5     0.75
87       0       0       0       0.25    0.5     0.75
88       0       0       0       0.5     0.5     0.75
89       0       0       0       0.75    0.5     0.75
90       0       0       0       1.0     0.5     0.75
91       1       0       0       0.0     0.75    0.75
92       0       0       0       0.25    0.75    0.75
93       0       0       0       0.5     0.75    0.75
94       0       0       0       0.75    0.75    0.75
95       0       0       0       1.0     0.75    0.75
96       1       0       0       0.0     1.0     0.75
97       0       0       0       0.25    1.0     0.75
98       0       0       0       0.5     1.0     0.75
99       0       0       0       0.75    1.0     0.75
100      0       0       0       1.0     1.0     0.75
101      1       1       0       0.0     0.0     1.0
102      0       1       0       0.25    0.0     1.0
103      0       1       0       0.5     0.0     1.0
104      0       1       0       0.75    0.0     1.0
105      0       1       0       1.0     0.0     1.0
106      1       0       0       0.0     0.25    1.0
107      0       0       0       0.25    0.25    1.0
108      0       0       0       0.5     0.25    1.0
109      0       0       0       0.75    0.25    1.0
110      0       0       0       1.0     0.25    1.0
111      1       0       0       0.0     0.5     1.0
112      0       0       0       0.25    0.5     1.0
113      0       0       0       0.5     0.5     1.0
114      0       0       0       0.75    0.5     1.0
115      0       0       0       1.0     0.5     1.0
116      1       0       0       0.0     0.75    1.0
117      0       0       0       0.25    0.75    1.0
118      0       0       0       0.5     0.75    1.0
119      0       0       0       0.75    0.75    1.0
120      0       0       0       1.0     0.75    1.0
121      1       0       0       0.0     1.0     1.0
122      0       0       0       0.25    1.0     1.0
123      0       0       0       0.5     1.0     1.0
124      0       0       0       0.75    1.0     1.0
125      0       0       0       1.0     1.0     1.0
1              25
5        1                   40.0
10       1                   40.0
15       1                   40.0
20       1                   40.0
25       1                   40.0
30       1                   40.0
35       1                   40.0
40       1                   40.0
45       1                   40.0
50       1                   40.0
55       1                   40.0
60       1                   40.0
65       1                   40.0
70       1                   40.0
75       1                   40.0
80       1                   40.0
85       1                   40.0
90       1                   40.0
95       1                   40.0
100      1                   40.0
105      1                   40.0
110      1                   40.0
115      1                   40.0
120      1                   40.0
125      1                   40.0
4        64           1
1        2.1e7               0.3
1        1  2  7  6  26 27 32 31 1
2        2  3  8  7  27 28 33 32 1
3        3  4  9  8  28 29 34 33 1
4        4  5  10 9  29 30 35 34 1
5        6  7  12 11 31 32 37 36 1
6        7  8  13 12 32 33 38 37 1
7        8  9  14 13 33 34 39 38 1
8        9  10 15 14 34 35 40 39 1
9        11 12 17 16 36 37 42 41 1
10       12 13 18 17 37 38 43 42 1
11       13 14 19 18 38 39 44 43 1
12       14 15 20 19 39 40 45 44 1
13       16 17 22 21 41 42 47 46 1
14       17 18 23 22 42 43 48 47 1
15       18 19 24 23 43 44 49 48 1
16       19 20 25 24 44 45 50 49 1
17       26 27 32 31 51 52 57 56 1
18       27 28 33 32 52 53 58 57 1
19       28 29 34 33 53 54 59 58 1
20       29 30 35 34 54 55 60 59 1
21       31 32 37 36 56 57 62 61 1
22       32 33 38 37 57 58 63 62 1
23       33 34 39 38 58 59 64 63 1
24       34 35 40 39 59 60 65 64 1
25       36 37 42 41 61 62 67 66 1
26       37 38 43 42 62 63 68 67 1
27       38 39 44 43 63 64 69 68 1
28       39 40 45 44 64 65 70 69 1
29       41 42 47 46 66 67 72 71 1
30       42 43 48 47 67 68 73 72 1
31       43 44 49 48 68 69 74 73 1
32       44 45 50 49 69 70 75 74 1
33       51 52 57 56 76 77 82 81 1
34       52 53 58 57 77 78 83 82 1
35       53 54 59 58 78 79 84 83 1
36       54 55 60 59 79 80 85 84 1
37       56 57 62 61 81 82 87 86 1
38       57 58 63 62 82 83 88 87 1
39       58 59 64 63 83 84 89 88 1
40       59 60 65 64 84 85 90 89 1
41       61 62 67 66 86 87 92 91 1
42       62 63 68 67 87 88 93 92 1
43       63 64 69 68 88 89 94 93 1
44       64 65 70 69 89 90 95 94 1
45       66 67 72 71 91 92 97 96 1
46       67 68 73 72 92 93 98 97 1
47       68 69 74 73 93 94 99 98 1
48       69 70 75 74 94 95 100 99 1
49       76 77 82 81 101 102 107 106 1
50       77 78 83 82 102 103 108 107 1
51       78 79 84 83 103 104 109 108 1
52       79 80 85 84 104 105 110 109 1
53       81 82 87 86 106 107 112 111 1
54       82 83 88 87 107 108 113 112 1
55       83 84 89 88 108 109 114 113 1
56       84 85 90 89 109 110 115 114 1
57       86 87 92 91 111 112 117 116 1
58       87 88 93 92 112 113 118 117 1
59       88 89 94 93 113 114 119 118 1
60       89 90 95 94 114 115 120 119 1
61       91 92 97 96 116 117 122 121 1
62       92 93 98 97 117 118 123 122 1
63       93 94 99 98 118 119 124 123 1
64       94 95 100 99 119 120 125 124 1