H8_Cantilever_Cube_4x4x4_Body_Force_x
125	1	1	1
1	1	1	1	0.000000	0.000000	0.000000
2	0	0	0	0.250000	0.000000	0.000000
3	0	0	0	0.500000	0.000000	0.000000
4	0	0	0	0.750000	0.000000	0.000000
5	0	0	0	1.000000	0.000000	0.000000
6	1	1	1	0.000000	0.250000	0.000000
7	0	0	0	0.250000	0.250000	0.000000
8	0	0	0	0.500000	0.250000	0.000000
9	0	0	0	0.750000	0.250000	0.000000
10	0	0	0	1.000000	0.250000	0.000000
11	1	1	1	0.000000	0.500000	0.000000
12	0	0	0	0.250000	0.500000	0.000000
13	0	0	0	0.500000	0.500000	0.000000
14	0	0	0	0.750000	0.500000	0.000000
15	0	0	0	1.000000	0.500000	0.000000
16	1	1	1	0.000000	0.750000	0.000000
17	0	0	0	0.250000	0.750000	0.000000
18	0	0	0	0.500000	0.750000	0.000000
19	0	0	0	0.750000	0.750000	0.000000
20	0	0	0	1.000000	0.750000	0.000000
21	1	1	1	0.000000	1.000000	0.000000
22	0	0	0	0.250000	1.000000	0.000000
23	0	0	0	0.500000	1.000000	0.000000
24	0	0	0	0.750000	1.000000	0.000000
25	0	0	0	1.000000	1.000000	0.000000
26	1	1	1	0.000000	0.000000	0.250000
27	0	0	0	0.250000	0.000000	0.250000
28	0	0	0	0.500000	0.000000	0.250000
29	0	0	0	0.750000	0.000000	0.250000
30	0	0	0	1.000000	0.000000	0.250000
31	1	1	1	0.000000	0.250000	0.250000
32	0	0	0	0.250000	0.250000	0.250000
33	0	0	0	0.500000	0.250000	0.250000
34	0	0	0	0.750000	0.250000	0.250000
35	0	0	0	1.000000	0.250000	0.250000
36	1	1	1	0.000000	0.500000	0.250000
37	0	0	0	0.250000	0.500000	0.250000
38	0	0	0	0.500000	0.500000	0.250000
39	0	0	0	0.750000	0.500000	0.250000
40	0	0	0	1.000000	0.500000	0.250000
41	1	1	1	0.000000	0.750000	0.250000
42	0	0	0	0.250000	0.750000	0.250000
43	0	0	0	0.500000	0.750000	0.250000
44	0	0	0	0.750000	0.750000	0.250000
45	0	0	0	1.000000	0.750000	0.250000
46	1	1	1	0.000000	1.000000	0.250000
47	0	0	0	0.250000	1.000000	0.250000
48	0	0	0	0.500000	1.000000	0.250000
49	0	0	0	0.750000	1.000000	0.250000
50	0	0	0	1.000000	1.000000	0.250000
51	1	1	1	0.000000	0.000000	0.500000
52	0	0	0	0.250000	0.000000	0.500000
53	0	0	0	0.500000	0.000000	0.500000
54	0	0	0	0.750000	0.000000	0.500000
55	0	0	0	1.000000	0.000000	0.500000
56	1	1	1	0.000000	0.250000	0.500000
57	0	0	0	0.250000	0.250000	0.500000
58	0	0	0	0.500000	0.250000	0.500000
59	0	0	0	0.750000	0.250000	0.500000
60	0	0	0	1.000000	0.250000	0.500000
61	1	1	1	0.000000	0.500000	0.500000
62	0	0	0	0.250000	0.500000	0.500000
63	0	0	0	0.500000	0.500000	0.500000
64	0	0	0	0.750000	0.500000	0.500000
65	0	0	0	1.000000	0.500000	0.500000
66	1	1	1	0.000000	0.750000	0.500000
67	0	0	0	0.250000	0.750000	0.500000
68	0	0	0	0.500000	0.750000	0.500000
69	0	0	0	0.750000	0.750000	0.500000
70	0	0	0	1.000000	0.750000	0.500000
71	1	1	1	0.000000	1.000000	0.500000
72	0	0	0	0.250000	1.000000	0.500000
73	0	0	0	0.500000	1.000000	0.500000
74	0	0	0	0.750000	1.000000	0.500000
75	0	0	0	1.000000	1.000000	0.500000
76	1	1	1	0.000000	0.000000	0.750000
77	0	0	0	0.250000	0.000000	0.750000
78	0	0	0	0.500000	0.000000	0.750000
79	0	0	0	0.750000	0.000000	0.750000
80	0	0	0	1.000000	0.000000	0.750000
81	1	1	1	0.000000	0.250000	0.750000
82	0	0	0	0.250000	0.250000	0.750000
83	0	0	0	0.500000	0.250000	0.750000
84	0	0	0	0.750000	0.250000	0.750000
85	0	0	0	1.000000	0.250000	0.750000
86	1	1	1	0.000000	0.500000	0.750000
87	0	0	0	0.250000	0.500000	0.750000
88	0	0	0	0.500000	0.500000	0.750000
89	0	0	0	0.750000	0.500000	0.750000
90	0	0	0	1.000000	0.500000	0.750000
91	1	1	1	0.000000	0.750000	0.750000
92	0	0	0	0.250000	0.750000	0.750000
93	0	0	0	0.500000	0.750000	0.750000
94	0	0	0	0.750000	0.750000	0.750000
95	0	0	0	1.000000	0.750000	0.750000
96	1	1	1	0.000000	1.000000	0.750000
97	0	0	0	0.250000	1.000000	0.750000
98	0	0	0	0.500000	1.000000	0.750000
99	0	0	0	0.750000	1.000000	0.750000
100	0	0	0	1.000000	1.000000	0.750000
101	1	1	1	0.000000	0.000000	1.000000
102	0	0	0	0.250000	0.000000	1.000000
103	0	0	0	0.500000	0.000000	1.000000
104	0	0	0	0.750000	0.000000	1.000000
105	0	0	0	1.000000	0.000000	1.000000
106	1	1	1	0.000000	0.250000	1.000000
107	0	0	0	0.250000	0.250000	1.000000
108	0	0	0	0.500000	0.250000	1.000000
109	0	0	0	0.750000	0.250000	1.000000
110	0	0	0	1.000000	0.250000	1.000000
111	1	1	1	0.000000	0.500000	1.000000
112	0	0	0	0.250000	0.500000	1.000000
113	0	0	0	0.500000	0.500000	1.000000
114	0	0	0	0.750000	0.500000	1.000000
115	0	0	0	1.000000	0.500000	1.000000
116	1	1	1	0.000000	0.750000	1.000000
117	0	0	0	0.250000	0.750000	1.000000
118	0	0	0	0.500000	0.750000	1.000000
119	0	0	0	0.750000	0.750000	1.000000
120	0	0	0	1.000000	0.750000	1.000000
121	1	1	1	0.000000	1.000000	1.000000
122	0	0	0	0.250000	1.000000	1.000000
123	0	0	0	0.500000	1.000000	1.000000
124	0	0	0	0.750000	1.000000	1.000000
125	0	0	0	1.000000	1.000000	1.000000
1	125
1	1	0.000162760417
2	1	0.000976562500
3	1	0.001953125000
4	1	0.002929687500
5	1	0.001790364583
6	1	0.000325520833
7	1	0.001953125000
8	1	0.003906250000
9	1	0.005859375000
10	1	0.003580729167
11	1	0.000325520833
12	1	0.001953125000
13	1	0.003906250000
14	1	0.005859375000
15	1	0.003580729167
16	1	0.000325520833
17	1	0.001953125000
18	1	0.003906250000
19	1	0.005859375000
20	1	0.003580729167
21	1	0.000162760417
22	1	0.000976562500
23	1	0.001953125000
24	1	0.002929687500
25	1	0.001790364583
26	1	0.000325520833
27	1	0.001953125000
28	1	0.003906250000
29	1	0.005859375000
30	1	0.003580729167
31	1	0.000651041667
32	1	0.003906250000
33	1	0.007812500000
34	1	0.011718750000
35	1	0.007161458333
36	1	0.000651041667
37	1	0.003906250000
38	1	0.007812500000
39	1	0.011718750000
40	1	0.007161458333
41	1	0.000651041667
42	1	0.003906250000
43	1	0.007812500000
44	1	0.011718750000
45	1	0.007161458333
46	1	0.000325520833
47	1	0.001953125000
48	1	0.003906250000
49	1	0.005859375000
50	1	0.003580729167
51	1	0.000325520833
52	1	0.001953125000
53	1	0.003906250000
54	1	0.005859375000
55	1	0.003580729167
56	1	0.000651041667
57	1	0.003906250000
58	1	0.007812500000
59	1	0.011718750000
60	1	0.007161458333
61	1	0.000651041667
62	1	0.003906250000
63	1	0.007812500000
64	1	0.011718750000
65	1	0.007161458333
66	1	0.000651041667
67	1	0.003906250000
68	1	0.007812500000
69	1	0.011718750000
70	1	0.007161458333
71	1	0.000325520833
72	1	0.001953125000
73	1	0.003906250000
74	1	0.005859375000
75	1	0.003580729167
76	1	0.000325520833
77	1	0.001953125000
78	1	0.003906250000
79	1	0.005859375000
80	1	0.003580729167
81	1	0.000651041667
82	1	0.003906250000
83	1	0.007812500000
84	1	0.011718750000
85	1	0.007161458333
86	1	0.000651041667
87	1	0.003906250000
88	1	0.007812500000
89	1	0.011718750000
90	1	0.007161458333
91	1	0.000651041667
92	1	0.003906250000
93	1	0.007812500000
94	1	0.011718750000
95	1	0.007161458333
96	1	0.000325520833
97	1	0.001953125000
98	1	0.003906250000
99	1	0.005859375000
100	1	0.003580729167
101	1	0.000162760417
102	1	0.000976562500
103	1	0.001953125000
104	1	0.002929687500
105	1	0.001790364583
106	1	0.000325520833
107	1	0.001953125000
108	1	0.003906250000
109	1	0.005859375000
110	1	0.003580729167
111	1	0.000325520833
112	1	0.001953125000
113	1	0.003906250000
114	1	0.005859375000
115	1	0.003580729167
116	1	0.000325520833
117	1	0.001953125000
118	1	0.003906250000
119	1	0.005859375000
120	1	0.003580729167
121	1	0.000162760417
122	1	0.000976562500
123	1	0.001953125000
124	1	0.002929687500
125	1	0.001790364583
4	64	1
1	10000.0	0.0
1	1	2	7	6	26	27	32	31	1
2	2	3	8	7	27	28	33	32	1
3	3	4	9	8	28	29	34	33	1
4	4	5	10	9	29	30	35	34	1
5	6	7	12	11	31	32	37	36	1
6	7	8	13	12	32	33	38	37	1
7	8	9	14	13	33	34	39	38	1
8	9	10	15	14	34	35	40	39	1
9	11	12	17	16	36	37	42	41	1
10	12	13	18	17	37	38	43	42	1
11	13	14	19	18	38	39	44	43	1
12	14	15	20	19	39	40	45	44	1
13	16	17	22	21	41	42	47	46	1
14	17	18	23	22	42	43	48	47	1
15	18	19	24	23	43	44	49	48	1
16	19	20	25	24	44	45	50	49	1
17	26	27	32	31	51	52	57	56	1
18	27	28	33	32	52	53	58	57	1
19	28	29	34	33	53	54	59	58	1
20	29	30	35	34	54	55	60	59	1
21	31	32	37	36	56	57	62	61	1
22	32	33	38	37	57	58	63	62	1
23	33	34	39	38	58	59	64	63	1
24	34	35	40	39	59	60	65	64	1
25	36	37	42	41	61	62	67	66	1
26	37	38	43	42	62	63	68	67	1
27	38	39	44	43	63	64	69	68	1
28	39	40	45	44	64	65	70	69	1
29	41	42	47	46	66	67	72	71	1
30	42	43	48	47	67	68	73	72	1
31	43	44	49	48	68	69	74	73	1
32	44	45	50	49	69	70	75	74	1
33	51	52	57	56	76	77	82	81	1
34	52	53	58	57	77	78	83	82	1
35	53	54	59	58	78	79	84	83	1
36	54	55	60	59	79	80	85	84	1
37	56	57	62	61	81	82	87	86	1
38	57	58	63	62	82	83	88	87	1
39	58	59	64	63	83	84	89	88	1
40	59	60	65	64	84	85	90	89	1
41	61	62	67	66	86	87	92	91	1
42	62	63	68	67	87	88	93	92	1
43	63	64	69	68	88	89	94	93	1
44	64	65	70	69	89	90	95	94	1
45	66	67	72	71	91	92	97	96	1
46	67	68	73	72	92	93	98	97	1
47	68	69	74	73	93	94	99	98	1
48	69	70	75	74	94	95	100	99	1
49	76	77	82	81	101	102	107	106	1
50	77	78	83	82	102	103	108	107	1
51	78	79	84	83	103	104	109	108	1
52	79	80	85	84	104	105	110	109	1
53	81	82	87	86	106	107	112	111	1
54	82	83	88	87	107	108	113	112	1
55	83	84	89	88	108	109	114	113	1
56	84	85	90	89	109	110	115	114	1
57	86	87	92	91	111	112	117	116	1
58	87	88	93	92	112	113	118	117	1
59	88	89	94	93	113	114	119	118	1
60	89	90	95	94	114	115	120	119	1
61	91	92	97	96	116	117	122	121	1
62	92	93	98	97	117	118	123	122	1
63	93	94	99	98	118	119	124	123	1
64	94	95	100	99	119	120	125	124	1