H8_Convergence_Analysis_2x2x2_Mesh_Corrected
27       1      1       1
1        1       1       1       0.0     0.0     0.0
2        0       1       1       0.5     0.0     0.0
3        0       1       1       1.0     0.0     0.0
4        1       0       1       0.0     0.5     0.0
5        0       0       1       0.5     0.5     0.0
6        0       0       1       1.0     0.5     0.0
7        1       0       1       0.0     1.0     0.0
8        0       0       1       0.5     1.0     0.0
9        0       0       1       1.0     1.0     0.0
10       1       1       0       0.0     0.0     0.5
11       0       1       0       0.5     0.0     0.5
12       0       1       0       1.0     0.0     0.5
13       1       0       0       0.0     0.5     0.5
14       0       0       0       0.5     0.5     0.5
15       0       0       0       1.0     0.5     0.5
16       1       0       0       0.0     1.0     0.5
17       0       0       0       0.5     1.0     0.5
18       0       0       0       1.0     1.0     0.5
19       1       1       0       0.0     0.0     1.0
20       0       1       0       0.5     0.0     1.0
21       0       1       0       1.0     0.0     1.0
22       1       0       0       0.0     0.5     1.0
23       0       0       0       0.5     0.5     1.0
24       0       0       0       1.0     0.5     1.0
25       1       0       0       0.0     1.0     1.0
26       0       0       0       0.5     1.0     1.0
27       0       0       0       1.0     1.0     1.0
1              9
3        1                   111.111
6        1                   111.111
9        1                   111.111
12       1                   111.111
15       1                   111.111
18       1                   111.111
21       1                   111.111
24       1                   111.111
27       1                   111.111
4        8            1
1        2.1e7               0.3
1       1  2  5  4  10 11 14 13 1
2       2  3  6  5  11 12 15 14 1
3       4  5  8  7  13 14 17 16 1
4       5  6  9  8  14 15 18 17 1
5       10 11 14 13 19 20 23 22 1
6       11 12 15 14 20 21 24 23 1
7       13 14 17 16 22 23 26 25 1
8       14 15 18 17 23 24 27 26 1