Two_Connected_Irregular_H8_Elements
12  1   1   1
1   1   1   1   0.0   0.0   0.0
2   1   1   1   1.0   0.0   0.0
3   1   1   1   1.0   1.0   0.0
4   1   1   1   0.0   1.0   0.0
5   0   0   0   0.5   0.5   1.0
6   0   0   0   1.5   0.5   1.0
7   0   0   0   1.5   1.5   1.0
8   0   0   0   0.5   1.5   1.0
9   0   0   0   0.75  0.75  2.0
10  0   0   0   1.25  0.75  2.0
11  0   0   0   1.25  1.25  2.0
12  0   0   0   0.75  1.25  2.0
1   4
9   3   1.0e4
10  3   1.0e4
11  3   1.0e4
12  3   1.0e4
4   2   1
1   2.1e5   0.3
1   1   2   3   4   5   6   7   8   1
2   5   6   7   8   9   10  11  12  1