3D_Patch_Test_From_2D_Example
16  1   1   1
1   1   1   1   0.0   0.0   0.0
2   0   1   1   2.5   0.0   0.0
3   0   0   0   2.5   3.0   0.0
4   0   0   1   0.0   2.0   0.0
5   0   0   0   0.5   0.5   0.0
6   0   0   0   2.0   0.75  0.0
7   0   0   0   1.75  1.75  0.0
8   0   0   0   0.65  1.6   0.0
9   0   0   0   0.0   0.0   1.0
10  0   0   0   2.5   0.0   1.0
11  0   0   0   2.5   3.0   1.0
12  0   0   0   0.0   2.0   1.0
13  0   0   0   0.5   0.5   1.0
14  0   0   0   2.0   0.75  1.0
15  0   0   0   1.75  1.75  1.0
16  0   0   0   0.65  1.6   1.0
1   8
1   1   -10.0
2   1   15.0
3   1   10.0
4   1   -15.0
9   1   -10.0
10  1   15.0
11  1   10.0
12  1   -15.0
4   5   1
1   100000   0.3
1   1   2   6   5   9   10  14  13  1
2   2   3   7   6   10  11  15  14  1
3   3   4   8   7   11  12  16  15  1
4   4   1   5   8   12  9   13  16  1
5   5   6   7   8   13  14  15  16  1