Test of B31 Beam Element - Cantilever Beam
9   1   1   1
1   1 1 1 1 1 1    0.0     0.0     0.0
2   0 0 0 0 0 0   125.0  0.0     0.0
3   0 0 0 0 0 0   250.0  0.0     0.0
4   0 0 0 0 0 0   375.0  0.0     0.0
5   0 0 0 0 0 0   500.0  0.0     0.0
6   0 0 0 0 0 0   625.0  0.0     0.0
7   0 0 0 0 0 0   750.0  0.0     0.0
8   0 0 0 0 0 0   875.0  0.0     0.0
9   0 0 0 0 0 0   1000.0  0.0     0.0
1   1
9   3   -1000.0
5   8   1
1   210000.0  0.3   20.0 30.0 2.0 2.0 2.0 2.0
1   1   2   1 
2   2   3   1  
3   3   4   1
4   4   5   1  
5   5   6   1  
6   6   7   1  
7   7   8   1
8   8   9   1      