Test of B31 Beam Element - Cantilever Beam
17   1   1   1
1   1 1 1 1 1 1    0.0     0.0     0.0
2   0 0 0 0 0 0   0.5  0.0     0.0
3   0 0 0 0 0 0   1.0  0.0     0.0
4   0 0 0 0 0 0   1.5  0.0     0.0
5   0 0 0 0 0 0   2.0  0.0     0.0
6   0 0 0 0 0 0   2.5  0.0     0.0
7   0 0 0 0 0 0  3.0   0.0     0.0
8   0 0 0 0 0 0   3.5  0.0     0.0
9   0 0 0 0 0 0   4.0  0.0     0.0
10  0 0 0 0 0 0   4.5  0.0     0.0
11  0 0 0 0 0 0   5.0  0.0     0.0   
12   0 0 0 0 0 0   5.5  0.0     0.0
13   0 0 0 0 0 0   6.0  0.0     0.0
14   0 0 0 0 0 0   6.5  0.0     0.0
15   0 0 0 0 0 0   7.0 0.0     0.0
16   0 0 0 0 0 0   7.5  0.0     0.0
17   0 0 0  0 0 0   8.0  0.0 0.0
1   19
1   3   -0.25
1   5   0.0208333333
2   3   -0.5
3   3   -0.5
4   3   -0.5
5   3   -0.5
6   3   -0.5
7   3   -0.5
8   3   -0.5
9   3   -10.5
10   3   -0.5
11  3   -0.5
12   3   -0.5
13  3   -0.5
14   3   -0.5
15  3   -0.5
16  3   -0.5
17  3   -10.25
17  5   -10.02083333333
5   16   1
1   1.2e9  0.3   0.1 0.1 0.05 0.05 0.05 0.05
1   1   2   1 
2   2   3   1  
3   3   4   1
4   4   5   1  
5   5   6   1  
6   6   7   1  
7   7   8   1
8   8   9   1
9   9   10   1
10   10   11  1
11  11  12  1
12  12  13  1
13  13  14  1
14  14  15  1
15  15  16  1
16  16  17  1      