Test of B31 Beam Element - Cantilever Beam
9   1   1   1
1   1 1 1 1 1 1    0.0     0.0     0.0
2   0 0 0 0 0 0   1.0  0.0     0.0
3   0 0 0 0 0 0   2.0  0.0     0.0
4   0 0 0 0 0 0   3.0  0.0     0.0
5   0 0 0 0 0 0   4.0  0.0     0.0
6   0 0 0 0 0 0   5.0  0.0     0.0
7   0 0 0 0 0 0  6.0  0.0     0.0
8   0 0 0 0 0 0   7.0  0.0     0.0
9   0 0 0 0 0 0   8.0  0.0     0.0
1   11
1   3   -0.5
1   5   0.083333333333333
2   3   -1.0
3   3   -1.0
4   3   -1.0
5   3   -11.0
6   3   -1.0
7   3   -1.0
8   3   -1.0
9   3   -10.5
9   5   -10.083333333333333
5   8   1
1   1.2e9  0.3   0.1 0.1 0.05 0.05 0.05 0.05
1   1   2   1 
2   2   3   1  
3   3   4   1
4   4   5   1  
5   5   6   1  
6   6   7   1  
7   7   8   1
8   8   9   1      