Plate Element Test - 4 Elements
9   1   1   1  
1   1   1   1   0.0   0.0   0.0  
2   1   1   1   4.0   0.0   0.0 
3   1   1   1   8.0   0.0   0.0  
4   1   1   1   0.0   4.0   0.0 
5   0   0   0   4.0   4.0   0.0  
6   1   1   1   8.0   4.0   0.0  
7   1   1   1   0.0   8.0   0.0  
8   1   1   1   4.0   8.0   0.0 f
9   1   1   1   8.0   8.0   0.0  
1   1  
5   1  -16.0  
6   4   1
1   2.0e11   0.3   0.01 
1   1   2   5   4   1  
2   2   3   6   5   1 
3   4   5   8   7   1 
4   5   6   9   8   1  