Plate Element Test
12   2   1   1  
1   0   0   0   0   0   0   0.0   0.0   0.0  
2   0   0   0   4.0   0.0   0.0 
3   0   0   0   8.0   0.0   0.0  
4   0   0   0   0   0   0   0.0   4.0   0.0 
5   0   0   0   4.0   4.0   0.0  
6   0   0   0   8.0   4.0   0.0  
7   0   0   0   0   0   0   0.0   8.0   0.0  
8   0   0   0   4.0   8.0   0.0 
9   0   0   0   8.0   8.0   0.0  
10  1   1   1   1   1   1   -8.0   0.0   0.0
11  1   1   1   1   1   1   -8.0   4.0   0.0 
12  1   1   1   1   1   1   -8.0   8.0   0.0 
1   1  
6   1  -300  
6   4   1
1   2.0e11   0.3   0.01 
1   1   2   5   4   1  
2   2   3   6   5   1 
3   4   5   8   7   1 
4   5   6   9   8   1  
5   3   1
1   2.0e11  0.3   0.3  0.02 0.02 0.002 0.002 0.002 0.002
1   10  1   1
2   11  4   1
3   12  7   1