Single_Plate_Fixed_Base_Tension_Test_Z_Axis
10       2      1       1
1   1   1   0   0   0   0.0   0.0   0.0  
2   1   1   0   0   0   4.0   0.0   0.0 
3   1   1   0   0   0   8.0   0.0   0.0  
4   1   1   0   1   0   0.0   4.0   0.0 
5   1   1   1   0   0   4.0   4.0   0.0  
6   1   1   0   0   0   8.0   4.0   0.0  
7   1   1   0   0   0   0.0   8.0   0.0  
8   1   1   0   0   0   4.0   8.0   0.0 
9   1   1   0   0   0   8.0   8.0   0.0  
10  1   1   0   4.0     4.0     8.0
1        1
10          3           2000.0
6          4            1
1   2.0e10   0.3   0.01 
1   1   2   5   4   1  
2   2   3   6   5   1 
3   4   5   8   7   1 
4   5   6   9   8   1  
1          4            1
1        2.1e6              0.01
1       1      10     1
2       3      10     1
3       7      10     1
4       9      10     1