Uniform_Plate_T3_2x2_Fx
9   1   1   1
1   1   1   1   0.000000   0.000000   0.0
2   1   1   1   0.000000   0.500000   0.0
3   1   1   1   0.000000   1.000000   0.0
4   0   0   1   0.500000   0.000000   0.0
5   0   0   1   0.500000   0.500000   0.0
6   0   0   1   0.500000   1.000000   0.0
7   0   0   1   1.000000   0.000000   0.0
8   0   0   1   1.000000   0.500000   0.0
9   0   0   1   1.000000   1.000000   0.0
1   9
1   1   41.666667
2   1   125.000000
3   1   83.333333
4   1   125.000000
5   1   250.000000
6   1   125.000000
7   1   83.333333
8   1   125.000000
9   1   41.666667
3   8   1
1   2100.0   0.0   1.0
1   1   2   4   1
2   2   5   4   1
3   2   3   5   1
4   3   6   5   1
5   4   5   7   1
6   5   8   7   1
7   5   6   8   1
8   6   9   8   1