Uniform_Plate_T3_8x8_Fx
81   1   1   1
1   1   1   1   0.000000   0.000000   0.0
2   1   1   1   0.000000   0.125000   0.0
3   1   1   1   0.000000   0.250000   0.0
4   1   1   1   0.000000   0.375000   0.0
5   1   1   1   0.000000   0.500000   0.0
6   1   1   1   0.000000   0.625000   0.0
7   1   1   1   0.000000   0.750000   0.0
8   1   1   1   0.000000   0.875000   0.0
9   1   1   1   0.000000   1.000000   0.0
10   0   0   1   0.125000   0.000000   0.0
11   0   0   1   0.125000   0.125000   0.0
12   0   0   1   0.125000   0.250000   0.0
13   0   0   1   0.125000   0.375000   0.0
14   0   0   1   0.125000   0.500000   0.0
15   0   0   1   0.125000   0.625000   0.0
16   0   0   1   0.125000   0.750000   0.0
17   0   0   1   0.125000   0.875000   0.0
18   0   0   1   0.125000   1.000000   0.0
19   0   0   1   0.250000   0.000000   0.0
20   0   0   1   0.250000   0.125000   0.0
21   0   0   1   0.250000   0.250000   0.0
22   0   0   1   0.250000   0.375000   0.0
23   0   0   1   0.250000   0.500000   0.0
24   0   0   1   0.250000   0.625000   0.0
25   0   0   1   0.250000   0.750000   0.0
26   0   0   1   0.250000   0.875000   0.0
27   0   0   1   0.250000   1.000000   0.0
28   0   0   1   0.375000   0.000000   0.0
29   0   0   1   0.375000   0.125000   0.0
30   0   0   1   0.375000   0.250000   0.0
31   0   0   1   0.375000   0.375000   0.0
32   0   0   1   0.375000   0.500000   0.0
33   0   0   1   0.375000   0.625000   0.0
34   0   0   1   0.375000   0.750000   0.0
35   0   0   1   0.375000   0.875000   0.0
36   0   0   1   0.375000   1.000000   0.0
37   0   0   1   0.500000   0.000000   0.0
38   0   0   1   0.500000   0.125000   0.0
39   0   0   1   0.500000   0.250000   0.0
40   0   0   1   0.500000   0.375000   0.0
41   0   0   1   0.500000   0.500000   0.0
42   0   0   1   0.500000   0.625000   0.0
43   0   0   1   0.500000   0.750000   0.0
44   0   0   1   0.500000   0.875000   0.0
45   0   0   1   0.500000   1.000000   0.0
46   0   0   1   0.625000   0.000000   0.0
47   0   0   1   0.625000   0.125000   0.0
48   0   0   1   0.625000   0.250000   0.0
49   0   0   1   0.625000   0.375000   0.0
50   0   0   1   0.625000   0.500000   0.0
51   0   0   1   0.625000   0.625000   0.0
52   0   0   1   0.625000   0.750000   0.0
53   0   0   1   0.625000   0.875000   0.0
54   0   0   1   0.625000   1.000000   0.0
55   0   0   1   0.750000   0.000000   0.0
56   0   0   1   0.750000   0.125000   0.0
57   0   0   1   0.750000   0.250000   0.0
58   0   0   1   0.750000   0.375000   0.0
59   0   0   1   0.750000   0.500000   0.0
60   0   0   1   0.750000   0.625000   0.0
61   0   0   1   0.750000   0.750000   0.0
62   0   0   1   0.750000   0.875000   0.0
63   0   0   1   0.750000   1.000000   0.0
64   0   0   1   0.875000   0.000000   0.0
65   0   0   1   0.875000   0.125000   0.0
66   0   0   1   0.875000   0.250000   0.0
67   0   0   1   0.875000   0.375000   0.0
68   0   0   1   0.875000   0.500000   0.0
69   0   0   1   0.875000   0.625000   0.0
70   0   0   1   0.875000   0.750000   0.0
71   0   0   1   0.875000   0.875000   0.0
72   0   0   1   0.875000   1.000000   0.0
73   0   0   1   1.000000   0.000000   0.0
74   0   0   1   1.000000   0.125000   0.0
75   0   0   1   1.000000   0.250000   0.0
76   0   0   1   1.000000   0.375000   0.0
77   0   0   1   1.000000   0.500000   0.0
78   0   0   1   1.000000   0.625000   0.0
79   0   0   1   1.000000   0.750000   0.0
80   0   0   1   1.000000   0.875000   0.0
81   0   0   1   1.000000   1.000000   0.0
1   81
1   1   2.604167
2   1   7.812500
3   1   7.812500
4   1   7.812500
5   1   7.812500
6   1   7.812500
7   1   7.812500
8   1   7.812500
9   1   5.208333
10   1   7.812500
11   1   15.625000
12   1   15.625000
13   1   15.625000
14   1   15.625000
15   1   15.625000
16   1   15.625000
17   1   15.625000
18   1   7.812500
19   1   7.812500
20   1   15.625000
21   1   15.625000
22   1   15.625000
23   1   15.625000
24   1   15.625000
25   1   15.625000
26   1   15.625000
27   1   7.812500
28   1   7.812500
29   1   15.625000
30   1   15.625000
31   1   15.625000
32   1   15.625000
33   1   15.625000
34   1   15.625000
35   1   15.625000
36   1   7.812500
37   1   7.812500
38   1   15.625000
39   1   15.625000
40   1   15.625000
41   1   15.625000
42   1   15.625000
43   1   15.625000
44   1   15.625000
45   1   7.812500
46   1   7.812500
47   1   15.625000
48   1   15.625000
49   1   15.625000
50   1   15.625000
51   1   15.625000
52   1   15.625000
53   1   15.625000
54   1   7.812500
55   1   7.812500
56   1   15.625000
57   1   15.625000
58   1   15.625000
59   1   15.625000
60   1   15.625000
61   1   15.625000
62   1   15.625000
63   1   7.812500
64   1   7.812500
65   1   15.625000
66   1   15.625000
67   1   15.625000
68   1   15.625000
69   1   15.625000
70   1   15.625000
71   1   15.625000
72   1   7.812500
73   1   5.208333
74   1   7.812500
75   1   7.812500
76   1   7.812500
77   1   7.812500
78   1   7.812500
79   1   7.812500
80   1   7.812500
81   1   2.604167
3   128   1
1   2100.0   0.0   1.0
1   1   2   10   1
2   2   11   10   1
3   2   3   11   1
4   3   12   11   1
5   3   4   12   1
6   4   13   12   1
7   4   5   13   1
8   5   14   13   1
9   5   6   14   1
10   6   15   14   1
11   6   7   15   1
12   7   16   15   1
13   7   8   16   1
14   8   17   16   1
15   8   9   17   1
16   9   18   17   1
17   10   11   19   1
18   11   20   19   1
19   11   12   20   1
20   12   21   20   1
21   12   13   21   1
22   13   22   21   1
23   13   14   22   1
24   14   23   22   1
25   14   15   23   1
26   15   24   23   1
27   15   16   24   1
28   16   25   24   1
29   16   17   25   1
30   17   26   25   1
31   17   18   26   1
32   18   27   26   1
33   19   20   28   1
34   20   29   28   1
35   20   21   29   1
36   21   30   29   1
37   21   22   30   1
38   22   31   30   1
39   22   23   31   1
40   23   32   31   1
41   23   24   32   1
42   24   33   32   1
43   24   25   33   1
44   25   34   33   1
45   25   26   34   1
46   26   35   34   1
47   26   27   35   1
48   27   36   35   1
49   28   29   37   1
50   29   38   37   1
51   29   30   38   1
52   30   39   38   1
53   30   31   39   1
54   31   40   39   1
55   31   32   40   1
56   32   41   40   1
57   32   33   41   1
58   33   42   41   1
59   33   34   42   1
60   34   43   42   1
61   34   35   43   1
62   35   44   43   1
63   35   36   44   1
64   36   45   44   1
65   37   38   46   1
66   38   47   46   1
67   38   39   47   1
68   39   48   47   1
69   39   40   48   1
70   40   49   48   1
71   40   41   49   1
72   41   50   49   1
73   41   42   50   1
74   42   51   50   1
75   42   43   51   1
76   43   52   51   1
77   43   44   52   1
78   44   53   52   1
79   44   45   53   1
80   45   54   53   1
81   46   47   55   1
82   47   56   55   1
83   47   48   56   1
84   48   57   56   1
85   48   49   57   1
86   49   58   57   1
87   49   50   58   1
88   50   59   58   1
89   50   51   59   1
90   51   60   59   1
91   51   52   60   1
92   52   61   60   1
93   52   53   61   1
94   53   62   61   1
95   53   54   62   1
96   54   63   62   1
97   55   56   64   1
98   56   65   64   1
99   56   57   65   1
100   57   66   65   1
101   57   58   66   1
102   58   67   66   1
103   58   59   67   1
104   59   68   67   1
105   59   60   68   1
106   60   69   68   1
107   60   61   69   1
108   61   70   69   1
109   61   62   70   1
110   62   71   70   1
111   62   63   71   1
112   63   72   71   1
113   64   65   73   1
114   65   74   73   1
115   65   66   74   1
116   66   75   74   1
117   66   67   75   1
118   67   76   75   1
119   67   68   76   1
120   68   77   76   1
121   68   69   77   1
122   69   78   77   1
123   69   70   78   1
124   70   79   78   1
125   70   71   79   1
126   71   80   79   1
127   71   72   80   1
128   72   81   80   1